[
    [0, 10, 18, 12, 14, 6, 4, 12, 10, 18, 8, 2],
    [10, 0, 10, 18, 7, 11, 10, 13, 10, 8, 19, 14],
    [18, 10, 0, 8, 17, 17, 7, 5, 9, 17, 1, 6],
    [12, 18, 8, 0, 6, 11, 9, 4, 5, 5, 17, 19],
    [14, 7, 17, 6, 0, 18, 8, 16, 14, 1, 18, 3],
    [6, 11, 17, 11, 18, 0, 9, 17, 3, 17, 11, 2],
    [4, 10, 7, 9, 8, 9, 0, 15, 17, 2, 18, 15],
    [12, 13, 5, 4, 16, 17, 15, 0, 8, 10, 4, 6],
    [10, 10, 9, 5, 14, 3, 17, 8, 0, 2, 8, 17],
    [18, 8, 17, 5, 1, 17, 2, 10, 2, 0, 19, 13],
    [8, 19, 1, 17, 18, 11, 18, 4, 8, 19, 0, 7],
    [2, 14, 6, 19, 3, 2, 15, 6, 17, 13, 7, 0]
]